79.82
3.17
12.79
77.41
3.1
12.83
79.07
3.11
12.57
80.2
3.11
12.8

74.9
3.05
12.98
76.35
3.08
12.74
76.56
3.07
12.8
76.51
3.19
12.82

72.48
3.22
12.83
74.34
3.08
12.77
72.49
3.02
12.82
74.37
3.13
12.88

70.1
3.3
11.86
69.82
3.11
11.61
71.84
3.19
11.9
71.75
3.08
11.67

69.91
14.71
11.75
69.84
14.63
11.75
69.47
14.6
11.7
67.61
14.8
12.04

69.06
19.81
10.97
69.3
19.88
11.21
69.26
19.87
11.02
69.24
19.82
10.99

65.23
19.5
11.46
64.54
19.67
11.15
62.96
19.23
11.05
64.53
19.79
10.82

61.96
23.82
9.84
61.31
23.67
9.87
63.32
23.39
9.81
63.35
23.51
9.99

59.84
26.32
9.8
58.46
26.17
10.07
60.27
26.35
9.86
60.65
26.58
9.9

58.09
29.08
9.78
57.95
28.66
10.04
57.89
28.98
9.73
57.84
28.99
9.72
